>> ur5

ans =

   -2.2910   -2.2910   -2.2910   -2.2910    1.2946    1.2946    1.2946    1.2946
    1.3377   -0.1135    1.3377   -0.1135   -3.0281    1.8039   -3.0281    1.8039
   -1.5281    1.5281   -1.5281    1.5281   -1.5281    1.5281   -1.5281    1.5281
    1.8384    0.2334   -1.3032   -2.9082    0.5031   -1.1019   -2.6385    2.0397
    0.4717    0.4717   -0.4717   -0.4717    2.5313    2.5313   -2.5313   -2.5313
    1.1882    1.1882   -1.9533   -1.9533   -1.1092   -1.1092    2.0323    2.0323


ans =

     0     0     0     0     0     0     0     0
     0     0     0     0     0     0     0     0
     0     0     0     0     0     0     0     0
     0     0     0     0     0     0     0     0
     0     0     0     0     0     0     0     0
     0     0     0     0     0     0     0     0


ans =

    0.0946    0.0946    0.0946    0.0946    0.0946    0.0946    0.0946    0.0946